0.9322916666666669
0.6755538494487029
0.6136371503273834
0.5535307904178921
0.5479275836296863
0.5204088946237116
0.5204032909426536
0.5204032909426536
0.5128281429529391
0.5125354345269407
0.5090253047643664
0.505694740875281
0.5043729726057047
0.5020003280780144
0.5002904428752581
0.4987962373733305
0.4987822281706853
0.4937882356378238
0.4923123260086217
0.4921270543036387
0.4921053400395386
0.491287552835124
0.4905990005251116
0.4900267245970544
0.4898943376320571
0.489893987401991
0.489893987401991
0.4893514190096474
0.4884259433563575
0.4857254871349989
0.485344436823049
0.4848366032271599
0.4833991349959455
0.4828643336849643
0.4824960558257385
0.4813624851414894
0.4812620931523251
0.4812604842829588
0.4809738538078997
0.4802930065593422
0.4797084105590629
0.4795974496480071
0.4795659289420554
0.4795575234204682
0.4794563069313565
0.4793588809530647
0.4792657817753816
0.4786367065567037
0.4786360060965715
0.4786360060965715
0.4783974374016291
0.4783935848709016
0.4782560466053484
0.4778315276346698
0.4772215910298141
0.4770137404302553
0.4769408925765001
0.4767710309944269
0.4766200198160171
0.4763567088261946
0.4754103871875101
0.4753175762199855
0.4746768813892179
0.4742563791196103
0.4742164528920714
0.4742157524319392
0.4741635681520857
0.4740784622460161
0.4740154208341126
0.4729432425618722
0.4726844845629094
0.4709454682447566
0.4708878043236602
0.4708790485720069
0.4705253162052152
0.4700479526250794
0.4696903677275602
0.4694422808009247
0.4692151055278212
0.4689079537598248
0.4688837878852618
0.4688347556760036
0.4687962303687292
0.4687899262275388
0.4683173418285138
0.467474914479655
0.4671521263984978
0.4670467071485925
0.4670369627266484
0.4666222283084424
0.4662776639432777
0.4659207795058908
0.4654427154656227
0.4647730135592737
0.4646420895344485
0.4645702303509842
0.4644819723743193
0.4644690758817801
0.464367034892721
0.464353499959957
0.4643436935181054
0.4643170760330795
0.4640435463514316
0.4637370950435674
0.4636453347662413
0.4636236205021412
0.4635240931434526
0.4630419284928269
0.4617027727597592
0.4610034873575118
0.460663063733233
0.460303377455317
0.460230879831628
0.4599331842754172
0.459852281130141
0.4598284654856441
0.4597290001468631
0.4597290001468631
0.4597275992265986
0.4597275992265986
0.4597275992265986
0.459687260749086
0.4596539888928037
0.4595176873771714
0.4594406987825302
0.4592321878533675
0.4589080608718534
0.4588702360247113
0.4588261070363788
0.4587364481394494
0.4582218981523963
0.4569943417706091
0.455898471893687
0.4557075344877384
0.4556998294262834
0.4556998294262834
0.4554410714273206
0.4554379193567254
0.4552988780204716
0.4550074866054511
0.4549216802392491
0.4547927335550056
0.4546789708034208
0.4544249919855687
0.4541382155813153
0.4540205382790955
0.4538643356696014
0.4537256445634137
0.4537011284587846
0.4536551863002139
0.4536079672611939
0.4536051654206648
0.4535794745860222
0.4535512299904807
0.4535256631956532
0.4535069769623332
0.4534843360478498
0.4534321517679964
0.4534250851467662
0.4533932762306559
0.4533684098959606
0.4533001150330652
0.4532850551402216
0.4532706957075103
0.4532703454774441
0.4532472302930795
0.4532363731610295
0.4527749961241206
0.4518667875427368
0.4518597829414142
0.4518597829414142
0.451287507013357
0.4511909675549201
0.4510840853648428
0.4509510599596208
0.4509482581190918
0.4504624890173688
0.4502120745200856
0.4500852912361464
0.4500849410060802
0.4500849410060802
0.4500124433823912
0.4499266370161893
0.4498096601741017
0.4498096601741017
0.4497186003569078
0.4495028586361714
0.4494471720556567
0.4491613843216943
0.4489731867363671
0.4489586011134047
0.4487200944383699
0.4486913755729472
0.4484215743822117
0.4484132308805321
0.4484083896795138
0.4483876640857046
0.4483744173630992
0.448363210000983
0.4483372929760893
